replicate_id,output,condition,assistant_model,worker_model,model_id,model_label,scaffold_path,scaffold_sha256,scaffold_text,item_id,total_wins,total_games,avg_win_rate,avg_rank,std_rank,std_win_rate,judge_model,judge_label
0,"### **Federal Tax Return Corrections**

#### **1. Income Reporting**

- **Freelance Income:** The full $4,200 from the 1099-NEC should be reported on **Schedule C**.
- **Self-Employment Tax:** Prepare **Schedule SE** to calculate and report self-employment tax on Form 1040, Schedule 2.

#### **2. Deductions**

- **Standard vs. Itemized Deduction:** For 2025, the estimated standard deduction for Single filers is $14,600. However, since itemized deductions may be higher, prepare **Schedule A** to compare and potentially claim itemized deductions.
  - Mortgage interest: $9,800
  - Property tax + CA income tax: $4,800 + $2,900 = $7,700 (below SALT cap, both deductible)
  - Total itemized deductions: $9,800 + $7,700 = $17,500 (higher than standard deduction)
  - **Client should itemize deductions.**

#### **3. Dependent and Filing Status**

- **Child Tax Credit:** Since the dependent is 22 years old, they do not qualify for the Child Tax Credit. Instead, claim the $500 **Credit for Other Dependents**.
- **Filing Status:** Analyze if client qualifies for Head of Household based on providing more than half of the student's total support.

### **California Tax Return Corrections**

#### **1. AGI and Deductions**

- **AGI Calculation:** Recalculate CA AGI after correcting federal AGI and deductions based on state-specific rules.
- **Deductions:** California allows deductions for mortgage interest, property tax, and state income tax paid. Ensure these are correctly accounted for in the California return.

By addressing these discrepancies and applying the correct rules, the client's federal and California tax returns for tax year 2025 can be accurately completed. Additional information on business expenses and a detailed analysis of the support provided to the dependent may be needed for precise calculations.",scaffold_GPT-4.1,GPT-4.1,gpt-3.5-turbo,gpt-4.1,GPT-4.1,/Users/kennywongchamcharoen/Downloads/centaur-benchmark-code/results/tax_prep/20260609_stable_frontier_v2/augmentation/scaffolds/GPT-4.1.md,61632f5fdc3e7bcd8cd8d651941d3a2d7ca3e8a62111591552ead7e482ad3c18,"Let's systematically review the data, identify discrepancies, explain the rules, and outline what needs correction for both **federal** and **California** tax returns for tax year 2025.

---

## 1. **Summary of Provided Data**

- **W-2 wages:** $68,500
- **1099-NEC income (freelance):** $4,200 (client only reported $2,400)
- **Business expenses:** Not provided (must be estimated or left blank for now)
- **Mortgage interest (Form 1098):** $9,800
- **CA property tax paid:** $4,800
- **CA income tax withheld:** $2,900
- **Dependent:** 22-year-old full-time college student, lived with client 9 months, earned $18,000, client paid >50% of support
- **Filing status selected:** Single
- **Standard deduction claimed:** $9,800 (incorrect for 2025)
- **No Schedule C or SE prepared**
- **No Schedule A prepared**
- **Dependent claimed for Child Tax Credit**
- **No Head of Household analysis**
- **CA Form 540 AGI:** $62,000 (unclear basis)

---

## 2. **Key Discrepancies and Applicable Rules**

### **A. Income Reporting**

#### **Freelance/Contract Income**
- **Discrepancy:** Client reported $2,400 instead of $4,200 from 1099-NEC.
- **Rule:** All 1099-NEC income must be reported. Not reporting full amount will generate an IRS/FTB notice.
- **Correction:** Report full $4,200 as gross receipts on **Schedule C**.

#### **Self-Employment Tax**
- **Discrepancy:** No Schedule SE, no self-employment tax calculated.
- **Rule:** Net self-employment income over $400 triggers SE tax.
- **Correction:** Prepare **Schedule SE**; include self-employment tax on Form 1040, Schedule 2.

#### **Business Expenses**
- **Discrepancy:** Not provided.
- **Rule:** Only net income after ordinary and necessary business expenses is taxable.
- **Correction:** If client can't substantiate expenses, must use $0 for now.

### **B. Deductions**

#### **Standard vs. Itemized Deduction**
- **Discrepancy:** Standard deduction of $9,800 claimed.
- **Rule:** For 2025, estimated standard deduction for Single filers is **$14,600** (subject to inflation adjustment).
- **Correction:** Use $14,600 unless itemized deductions are higher.

#### **Itemized Deductions (Schedule A)**
- **Discrepancy:** No Schedule A prepared, despite mortgage interest, property tax, and state tax paid.
- **Rule:** Deduct the greater of standard or itemized. SALT (state/local taxes) deduction capped at $10,000 federally.
- **Correction:** Prepare **Schedule A**:
  - Mortgage interest: $9,800
  - Property tax + CA income tax: $4,800 + $2,900 = $7,700 (but total SALT capped at $10,000)
  - Total itemized: $9,800 + $7,700 = $17,500 (but see below)
  - **However**, property tax and income tax together ($7,700) are below the $10,000 SALT cap, so both are deductible.
  - If client has no other itemized deductions, total is $17,500, which is **higher** than standard deduction ($14,600).
  - **Client should itemize.**

### **C. Dependent and Filing Status**

#### **Dependent Eligibility**
- **Discrepancy:** Dependent claimed for Child Tax Credit.
- **Rule:**
  - **Qualifying Child:** Must be under 19, or under 24 if a full-time student, and lived with taxpayer >6 months, and taxpayer provided >50% support.
  - **Child Tax Credit (CTC):** For 2025, CTC is only for dependents under 17 at year-end.
  - **Other Dependent Credit:** $500 available for qualifying relatives/children not eligible for CTC.
- **Correction:** Claim $500 **Credit for Other Dependents** (not CTC).

#### **Filing Status**
- **Discrepancy:** Client selected Single. Head of Household not considered.
- **Rule:** Head of Household (HoH) is available if taxpayer pays >50% of household costs, has a qualifying child or dependent, and dependent lived with taxpayer >6 months.
  - **Full-time student under 24** can be a qualifying child if taxpayer provides >50% support.
  - **However:** If the student provided more than half of their own support from their own earnings, they are NOT a qualifying child for HoH or EITC purposes.
  - **Support Test:** If the majority of the student's $18,000 earnings went to savings and personal expenses, and the client paid more than half of all household and student support, the student may still be a qualifying child.
- **Correction:** If client truly provided >50% of the student's total support (not just household), can file as **Head of Household**.

### **D. California Return**

#### **AGI and Deductions**
- **Discrepancy:** CA AGI is $62,000 (unclear calculation).
- **Rule:** CA AGI starts with federal AGI, adjusted for CA differences.
- **Correction:** Recalculate CA AGI after correcting federal AGI.

#### **Deductions**
- **Rule:** CA allows mortgage interest,",1,6,8,0.75,2.0,,,deepseek-ai/DeepSeek-V3.1,DeepSeek-V3.1
0,"## 2. Review and Corrections

### Federal Return:

1. **Freelance Income:**
   - **Client's Entry:** $2,400
   - **Correct Amount:** $4,200
   - **Correction:** Increase freelance income to $4,200 on Form 1040.

2. **Schedule C:**
   - **Issue:** Schedule C is required for self-employment income.
   - **Correction:** Prepare Schedule C to report freelance income and related expenses.

3. **Schedule SE:**
   - **Issue:** Schedule SE is required to calculate self-employment tax.
   - **Correction:** Prepare Schedule SE to compute self-employment tax on net profit.

4. **Standard Deduction:**
   - **Client's Entry:** $9,800
   - **Correct Amount:** $14,800
   - **Correction:** Correct the standard deduction amount to $14,800 on Form 1040.

5. **Itemized Deductions (Schedule A):**
   - **Issue:** Mortgage interest, property tax, and state tax withholding exceed the standard deduction.
   - **Correction:** Prepare Schedule A to claim itemized deductions totaling $17,500.

6. **Dependent Claim:**
   - **Issue:** Dependent's total support test needs to be verified.
   - **Correction:** Ensure the dependent meets the total support test before claiming.

### California Return:

1. **Federal AGI:**
   - **Client's Entry:** $62,000
   - **Correction:** Update California Form 540 with the corrected federal AGI.

2. **California Tax Calculation:**
   - **Issue:** California tax was computed using incorrect federal income figures.
   - **Correction:** Recalculate California tax using the corrected federal income amounts.

## 3. Missing Information

1. **Business Expenses for Freelance Work:**
   - Missing data needed to calculate net profit for Schedule C.

2. **Total Support for Dependent:**
   - Missing information on the exact amount of support provided to the dependent.

## 4. Next Steps

1. Complete Schedule C with freelance income and business expenses.
2. Calculate self-employment tax on Schedule SE.
3. Update standard deduction and file Schedule A for itemized deductions.
4. Verify dependent's total support and eligibility for claiming.
5. Correct federal AGI on California Form 540 and recalculate California tax.
6. Gather missing data on business expenses and total support for the dependent.",scaffold_GPT-OSS-120B,GPT-OSS-120B,gpt-3.5-turbo,openai/gpt-oss-120b,GPT-OSS-120B,/Users/kennywongchamcharoen/Downloads/centaur-benchmark-code/results/tax_prep/20260609_stable_frontier_v2/augmentation/scaffolds/GPT-OSS-120B.md,5e2afd45c38f395edcfd1d5418ffd0bf2845784759dc6dce00222ac8ebde6bd1,"**Federal & California 2025 Return – Review, Corrections, and What Still Needs to Be Gathered**  

Below is a step‑by‑step “audit‑style” walk‑through of the client‑provided return.  I have flagged every figure that is inconsistent with the facts you gave, explained the governing rule, shown the corrected calculation (using the most common assumptions when a number is not supplied), and listed the forms/schedules that must be added or revised.  Where a number is missing (e.g., business expenses, exact support amounts) I note the missing data and give a simple worksheet you can use to finish the return.

---

## 1. QUICK FACT‑CHECK

| Item | Client’s entry | What the facts say | Issue |
|------|----------------|--------------------|-------|
| **W‑2 wages** | $68,500 (on 1040) | Correct | – |
| **Freelance (1099‑NEC) income** | $2,400 (on 1040) | $4,200 on 1099‑NEC | Under‑reported by $1,800 |
| **Schedule C** | Not prepared | Required for any self‑employment income | Missing |
| **Schedule SE** | Not prepared | Required to compute self‑employment tax on net profit | Missing |
| **Standard deduction** | $9,800 (line 12) | 2025 single standard deduction = **$14,800** (inflation‑adjusted) | Wrong amount & wrong deduction type (should be standard *or* itemized) |
| **Itemized deductions (Schedule A)** | Not prepared | Mortgage interest $9,800, CA property tax $4,800, state tax withheld $2,900 → total $17,500 (exceeds $14,800) | Must file Schedule A and claim itemized |
| **Dependent claim** | Child Tax",2,6,8,0.75,2.0,,,deepseek-ai/DeepSeek-V3.1,DeepSeek-V3.1
0,"Based on the provided information, here are the key discrepancies, rules, recalculations, and corrections needed for the client's 2025 tax returns:

---

## 1. Freelance Income Understated

**Discrepancy:** The return reports $2,400 in freelance income, but the 1099-NEC shows $4,200.

**Rule:** All self-employment income must be reported on Schedule C, regardless of whether a 1099 was issued.

**Correction needed:**
- Prepare Schedule C reporting gross receipts of $4,200.
- Deduct legitimate business expenses (currently missing).

---

## 2. Missing Schedule C and Business Expenses

**Issue:** No Schedule C exists, and expenses were not provided.

**Why it matters:** Expenses reduce both income tax and self-employment tax.

**Information missing:** A list of ordinary and necessary business expenses.

**Correction needed:**
- Prepare Schedule C with reported gross receipts of $4,200.
- Deduct business expenses to calculate net self-employment income.

---

## 3. Missing Self-Employment Tax (Schedule SE / Schedule 2)

**Rule:** Net self-employment earnings of $400 or more trigger self-employment tax.

**Correction needed:**
- Prepare Schedule SE to compute self-employment tax.
- Include self-employment tax on Schedule 2.
- Claim the deduction for half of the self-employment tax on Schedule 1.

---

## 4. Line 12 Deduction Error (Critical Misclassification)

**Discrepancy:** Line 12 shows $9,800 labeled as the standard deduction, but it appears to be mortgage interest.

**Rule:** Taxpayers can deduct the greater of the standard deduction or itemized deductions.

**Correction needed:**
- Prepare Schedule A to itemize deductions.
- Correct Line 12 on Form 1040.

---

## 5. Head of Household (HOH) Filing Status Analysis

**Criteria for HOH:** Taxpayer must be unmarried, provide more than half of household costs, and have a qualifying dependent.

**Analysis:** The client is Single, has one dependent, and likely provides more than half of the household costs. If the dependent meets the criteria, filing as HOH may be beneficial.

**Correction needed:**
- Analyze if the client qualifies for HOH filing status.

---

By addressing these discrepancies and corrections, we can ensure that the client's 2025 tax returns are accurate and compliant with federal and California tax laws.",scaffold_Claude-Opus-4.8,Claude-Opus-4.8,gpt-3.5-turbo,anthropic/claude-opus-4-8,Claude-Opus-4.8,/Users/kennywongchamcharoen/Downloads/centaur-benchmark-code/results/tax_prep/20260609_stable_frontier_v2/augmentation/scaffolds/Claude-Opus-4.8.md,c272a9e61bfbf82ad84aebfa06375d5d6c6e370efb4c6dec2fd84c25e2355f92,"# Tax Return Review — 2025 Tax Year (California Resident)

Below is a structured review of the discrepancies, applicable rules, recalculations, and the forms/schedules requiring correction.

---

## 1. Freelance Income Understated

**Discrepancy:** Return reports $2,400; the 1099-NEC shows $4,200.

**Rule:** All self-employment income must be reported on **Schedule C**, regardless of whether a 1099 was issued. The IRS receives a copy of the 1099-NEC, so the $1,800 understatement is an automatic matching flag.

**Correction needed:**
- Prepare **Schedule C** reporting gross receipts of **$4,200**.
- Deduct legitimate business expenses (currently missing — see below).

---

## 2. Missing Schedule C and Business Expenses

**Issue:** No Schedule C exists, and expenses were not provided.

**Why it matters:** Expenses reduce both income tax *and* self-employment tax. Without them, the client overpays SE tax.

**Information missing:** A list of ordinary and necessary business expenses (supplies, software, mileage, home office, etc.).

**Framework:**
- Net SE profit = $4,200 − (expenses).
- I will proceed assuming **$0 expenses** for a conservative estimate but flag this as an item to gather.

---

## 3. Missing Self-Employment Tax (Schedule SE / Schedule 2)

**Rule:** Net SE earnings ≥ $400 trigger self-employment tax (15.3% on 92.35% of net profit).

**Calculation (assuming $0 expenses):**
| Step | Amount |
|---|---|
| Net SE profit | $4,200 |
| × 92.35% | $3,878.70 |
| SE tax (15.3%) | **≈ $593** |
| Deduction for ½ SE tax (above-the-line) | **≈ $297** |

**Corrections needed:**
- **Schedule SE** to compute the ~$593.
- **Schedule 2** to carry SE tax into total tax.
- **Schedule 1** to claim the ½ SE-tax adjustment (~$297).

---

## 4. Line 12 Deduction Error (Critical Misclassification)

**Discrepancy:** Line 12 shows **$9,800 labeled ""standard deduction.""** This is wrong on two counts:

1. The 2025 standard deduction for **Single** is **$15,000**, not $9,800.
2. The $9,800 appears to actually be the **mortgage interest** — an *itemized* deduction mistakenly entered as the standard deduction.

**Rule:** A taxpayer takes the **greater** of the standard deduction or itemized deductions (Schedule A).

**Itemized deduction analysis (Schedule A):**
| Item | Amount |
|---|---|
| Mortgage interest (1098) | $9,800 |
| State/local taxes (SALT) — property $4,800 + CA withholding $2,900 = $7,700, but **capped at $10,000** | $7,700 |
| **Total itemized** | **$17,500** |

> Note: For 2025, the SALT cap is generally $10,000. The $7,700 here is under the cap, so it's fully deductible.

**Comparison:**
- Standard (Single): **$15,000**
- Itemized: **$17,500** ✅

**Itemizing wins** — but only if Single. (See HOH analysis below, which changes this.)

**Correction needed:** Prepare **Schedule A**; correct Line 12.

---

##",4,6,8,0.75,2.0,,,deepseek-ai/DeepSeek-V3.1,DeepSeek-V3.1
0,"Discrepancies and Corrections:

1. Income Understatement and Self-Employment Tax:
- Discrepancy: Only $2,400 of the $4,200 freelance income was reported, and Schedule C and Schedule SE were omitted.
- Federal Rule: All self-employment income must be reported on Schedule C to calculate net profit subject to self-employment tax on Schedule SE.
- Recalculation: Schedule C gross receipts: $4,200; expenses: $0; net profit: $4,200. Schedule SE: net earnings = $4,200 × 0.9235 = $3,880; SE tax = $3,880 × 15.3% ≈ $594; deduction for AGI = $594 ÷ 2 ≈ $297.
- Correction: Prepare Schedule C to report freelance income and calculate net profit, then complete Schedule SE for self-employment tax.

2. Itemized vs. Standard Deduction:
- Discrepancy: $9,800 standard deduction entered without completing Schedule A.
- Federal Rule: Compare total itemized deductions to the standard deduction to determine which to take.
- Facts: Mortgage interest $9,800; state/local income tax withholding $2,900; property tax $4,800 (limited to $10,000 by SALT cap).
- Correction: Complete Schedule A to itemize deductions and determine if total exceeds the standard deduction.

Missing Information:
- Business expenses for freelance work.
- Dependency details for the student (e.g., total support provided, other income sources).
- Analysis of Head of Household filing status eligibility.
- Any other potential deductions or credits not included in the provided information.

Forms and Schedules to Prepare or Correct:
- Prepare Schedule C for freelance income and expenses.
- Prepare Schedule SE for self-employment tax.
- Complete Schedule A for itemized deductions.
- Review dependency details and consider eligibility for Head of Household filing status.
- Adjust federal and California returns based on the corrected figures and calculations.",scaffold_GPT-O4-Mini,GPT-O4-Mini,gpt-3.5-turbo,o4-mini-2025-04-16,GPT-O4-Mini,/Users/kennywongchamcharoen/Downloads/centaur-benchmark-code/results/tax_prep/20260609_stable_frontier_v2/augmentation/scaffolds/GPT-O4-Mini.md,ba48fd86fbb109f9ddb1b5e5429558b092d151db2271843f82c0700489dcef4b,"Below is a summary of the discrepancies I found, the governing federal and California rules, a recalculation of your key figures under stated assumptions, a list of missing information you’ll need to complete the returns, and the forms and schedules you must prepare or correct.

1. Income Understatement and Self-Employment Tax  
 Discrepancy: You reported only $2,400 of the $4,200 shown on the 1099-NEC and omitted Schedule C and Schedule SE entirely.  
 Federal rule: All self-employment income must be reported on Schedule C (or C-EZ) to compute net profit (or loss). Net profit is subject to self-employment tax on Schedule SE at 15.3% of 92.35% of net profit; you then get an “above-the-line” deduction equal to half the SE tax.  
 Assumption: No business expenses.  
 Recalculation:  
 • Schedule C gross receipts: $4,200; expenses: $0; net profit: $4,200.  
 • Schedule SE: net earnings = $4,200 × 0.9235 = $3,880; SE tax = $3,880 × 15.3% ≈ $594; deduction for AGI = $594 ÷ 2 ≈ $297.  

2. Itemized vs. Standard Deduction  
 Discrepancy: You entered $9,800 as a “standard deduction” on Line 12 of Form 1040 and omitted Schedule A altogether.  
 Federal rule: For 2025 the standard deduction is roughly $13,850 (Single) or $20,800 (Head of Household). If your total itemized deductions exceed the standard deduction, you itemize on Schedule A; otherwise you take the standard deduction.  
 Facts: Mortgage interest $9,800; state/local income tax withholding $2,900; property tax $4,800. But note the $10,000 SALT cap limits the state and local tax deduction to $10,000 total. Here state tax + property tax = $7,700, well under the cap",7,5,8,0.625,4.0,,,deepseek-ai/DeepSeek-V3.1,DeepSeek-V3.1
0,"Discrepancies and corrections needed:

1. Freelance/contract income: The client reported $4,200 on Form 1099-NEC, but only $2,400 is reflected on the federal return. The missing $1,800 needs to be included in the federal return as additional income.

2. Business expenses for freelance work: The client has not provided information on business expenses related to the freelance work. These expenses need to be deducted from the freelance income to determine the net income to be reported on the federal return.

3. Standard deduction vs. itemized deductions: The client reported a $9,800 deduction on the federal return labeled as the standard deduction. However, the client also has mortgage interest, property tax, and state tax withholding that could potentially exceed the standard deduction amount. A Schedule A needs to be prepared to determine if itemizing deductions would result in a higher tax benefit.

4. Self-employment tax: Since the client has freelance income, self-employment tax may need to be calculated and reported on Schedule SE. This tax is separate from income tax and needs to be accounted for in the federal return.

5. Dependent support test: The client claims the 22-year-old college student as a dependent, but the support test needs to be properly analyzed to ensure the client provided more than half of the student's total support. If the client did not provide more than half of the support, the student may not qualify as a dependent.

6. Filing status: The client selected Single filing status, but it may be beneficial to explore if the client qualifies for Head of Household status, which could result in lower tax liability.

7. California tax computation: The California tax was computed using the incorrect federal income figures. The correct federal income figures need to be used to calculate the accurate California tax liability.

Recommendations for corrections:

1. Include the missing $1,800 of freelance income on the federal return.
2. Deduct business expenses related to freelance work.
3. Prepare a Schedule A to determine if itemizing deductions is more beneficial than taking the standard deduction.
4. Calculate and report self-employment tax on Schedule SE if applicable.
5. Verify if the client meets the support test for claiming the college student as a dependent.
6. Consider if the client qualifies for Head of Household filing status.
7. Recalculate California tax using the correct federal income figures.

Forms/schedules that need correction or preparation:
- Schedule C for freelance income and business expenses.
- Schedule SE for self-employment tax.
- Schedule A for itemized deductions.
- Analysis of dependent support for claiming the college student.
- Recalculation of California tax using accurate federal income figures.",plain,plain,gpt-3.5-turbo,plain,plain,,,,0,4,8,0.5,5.0,,,deepseek-ai/DeepSeek-V3.1,DeepSeek-V3.1
0,"Based on the provided facts and discrepancies in the client's returns, here is a summary of the corrections and recalculations needed:

1. Freelance Income, Schedule C, and Self-Employment Tax:
- The freelance income of $4,200 should be reported on a Schedule C.
- Prepare a Schedule SE to compute self-employment tax based on the net profit from Schedule C.
- Deduct half of the SE tax on Form 1040.

2. Itemized Deductions vs. Standard Deduction:
- Calculate the total itemized deductions (mortgage interest, property tax, state tax withholding) and compare to the standard deduction claimed.
- If itemized deductions are higher, prepare and attach a Schedule A to claim itemized deductions.

3. Dependent Status, Credits, and Filing Status:
- Change the dependent's classification to claim the Credit for Other Dependents instead of the Child Tax Credit.
- Review and change the filing status from Single to Head of Household if the taxpayer qualifies.

4. California Return (Form 540) Issues:
- Recalculate the federal AGI correctly and update the California Form 540 with the corrected AGI.
- Adjust the California tax liability using the corrected federal numbers.

In summary, the corrections needed involve reporting the correct freelance income on Schedule C, computing self-employment tax, claiming itemized deductions if beneficial, adjusting dependent classification and filing status, and updating the California return with the correct federal AGI. The missing information on business expenses and potential adjustments for the dependent's support may impact the final tax liability calculation. It is important to carefully review and update the necessary forms and schedules to accurately reflect the taxpayer's financial situation.",scaffold_GPT-O3-Mini,GPT-O3-Mini,gpt-3.5-turbo,o3-mini-2025-01-31,GPT-O3-Mini,/Users/kennywongchamcharoen/Downloads/centaur-benchmark-code/results/tax_prep/20260609_stable_frontier_v2/augmentation/scaffolds/GPT-O3-Mini.md,7698638eb536c31ec4ce80e3ab9db06d37e3b36e0e33b170596b5f8805d4d80e,"Below is an overview of the problems found in the “partially completed” returns, the relevant tax‐law concepts behind each, and a discussion of how to “re‐calculate” and what forms/schedules must be corrected. (Because some necessary facts – such as the amount of any allowable business expenses – are missing, we give a framework for an estimate rather than a single “final” tax liability number.)

─────────────────────────────  
1. FREELANCE INCOME, SCHEDULE C, AND SELF‑EMPLOYMENT TAX

A. Discrepancy in Reported Income  
• The client’s 1099‑NEC shows freelance income of $4,200 but the Form 1040 only shows $2,400.  
• Correction: The full $4,200 must be reported on a Schedule C (Profit or Loss from Business).  
  – In the absence of business expense data, you would assume zero expenses (or ask the client exactly what the expenses are).  
  – The net profit from Schedule C becomes $4,200 (or less if expenses are provided).

B. Self‑Employment Tax (Schedule SE)  
• The current return omits Schedule SE and no self‑employment tax is being computed.  
• Rule: The net earnings from self‑employment are subject to SE tax. (Recall that, typically, you multiply the net profit by 92.35% and then apply a 15.3% tax rate.)  
  For example, if no expenses are allowed, Net Earnings = 0.9235 × $4,200 ≈ $3,880  
  SE Tax ≈ 15.3% × $3,880 ≈ $594  
• Also, half the SE tax (≈$297) is normally deductible as an adjustment to income on Form 1040.

C. Required Forms/Schedules  
• Prepare a Schedule C to report the full freelance/contract income (and then subtract allowed business expenses once provided).  
• Prepare a Schedule SE to compute self‑employment tax.  
• On Form 1040, include the deduction for ½ SE tax.  

─────────────────────────────  
2. ITEMIZED DEDUCTIONS VS. STANDARD DEDUCTION

A. Current Problem on Form 1040  
• The Form 1040 shows a “deduction” of $9,800 labeled as the standard deduction.  
• However, the taxpayer has mortgage interest ($9,800), California property taxes ($4,800) and state income tax withholding ($2,900) available.  
  – When combined (with SALT limited to $10,000 if applicable), these costs add up to roughly:  
   Mortgage Interest: $9,800  
   Property Tax:   $4,800  
   State Income Tax:  $2,900  
   Total SALT = $4,800 + $2,900 = $7,700 (well below a $10,000 cap)  
   Therefore, itemized deductions on Schedule A = $9,800 + $7,700 = $17,500  
• With potential itemized deductions being significantly higher than the $9,800 standard deduction claimed, the taxpayer should itemize.

B. Required Correction  
• Prepare and attach a Schedule A to claim mortgage interest and SALT (property tax plus state income tax withheld).  
• Remove the $9,800 standard deduction from Form 1040 if itemizing.

─────────────────────────────  
3. DEPENDENT STATUS, CREDITS, AND FILING STATUS

A. Dependent’s Classification for Credits  
• The taxpayer is claiming a 22‑year‑old full‑time college student as a “child” for the Child Tax Credit.  
• Federal rules require that the qualifying child be under age 17 at the end of the tax year for the Child Tax Credit.  
  – A 22‑year‑old does not qualify for the Child Tax Credit but might be claimed as a “qualifying relative” who is eligible for the Credit for Other Dependents (worth up to $500, subject to current law).  
• Correction: The return should be changed to claim the Credit for Other Dependents on Form 1040 rather than the Child Tax Credit for this dependent.

B. Filing Status – Single vs. Head of Household  
• The client selected “Single.” However, if the taxpayer is unmarried and “paid more than half the cost of maintaining a home” in which a qualifying dependent lived for more than half the year, the taxpayer may file as Head of Household.  
• Under the rules for Head of Household, a dependent who is a full‑time college student under age 24 (in this case, age 22) qualifies as a “qualifying person.”  
• In this situation, if the taxpayer indeed paid more than half the household costs and the student lived with the taxpayer for at least 6 months (9 months in this case), then the taxpayer should be filing as Head of Household—not Single.
  
C. Required Correction  
• On Form 1040, change the filing status from Single to Head of Household.  
• Adjust any credits (and possibly tax rates) that change because of the proper filing status.  
• Review the dependent section to claim the Credit for Other Dependents rather than a Child Tax Credit.

─────────────────────────────  
4. CALIFORNIA RETURN (Form 540) ISSUES

A. Federal AGI Transfer Problem  
• The California Form 540 carries over a federal AGI of $62,000.  
• However, the misreporting of freelance income (and other adjustments, such as the SE tax deduction) means the federal AGI must be recalculated correctly — likely it will be higher than $62,000 when the correct income is reported.  
  For instance, on the federal side, correct income would include:  
   W‑2 wages: $68,500  
   Correct freelance income: $4,200  
   Total = $72,700 (subject to the deduction for ½ SE tax, business expense adjustments, etc.)
• California starts with the federal AGI (with some differences), so the CA return must be updated with the corrected federal AGI and then any California modifications applied.

B. Required Correction  
• Revise the federal return so that the correct AGI flows to California Form 540.  
• Recompute the California tax liability using the corrected federal numbers.

─────────────────────────────  
5. RECAP & CALCULATION FRAMEWORK

Because some information is still missing (most notably the allowable business expenses",8,3,8,0.375,6.5,,,deepseek-ai/DeepSeek-V3.1,DeepSeek-V3.1
0,"Based on the information provided by the client, there are several discrepancies and errors in both the federal and California tax returns that need to be addressed. Here is a summary of the key issues and the steps that need to be taken:

1. Federal Return Discrepancies:
- The 1099-NEC income reported on Form 1040 is incorrect ($2,400 instead of $4,200).
- No Schedule C or Schedule SE was prepared for the freelance income.
- Mortgage interest, property tax, and state tax withholding were not included on Schedule A.
- The mortgage interest deduction was labeled as the standard deduction.
- The 22-year-old college student was claimed as a Child Tax Credit child, which is incorrect.

2. Applicable Federal Rules:
- All nonemployee compensation (1099-NEC) must be reported on Schedule C.
- Net earnings from self-employment are subject to self-employment tax.
- Mortgage interest, property taxes, and state income taxes are itemized deductions on Schedule A.
- Head of Household filing status may be available if certain criteria are met.
- The 22-year-old college student may qualify as a dependent but is not eligible for the Child Tax Credit.

3. Recalculation of Key Figures:
- Correct the gross income and AGI items by adjusting the 1099-NEC income to $4,200.
- Calculate self-employment tax and the above-the-line deduction for Schedule SE.
- Recalculate federal AGI based on the corrected figures.
- Determine whether to itemize deductions or take the standard deduction based on filing status.
- Adjust the credits to exclude the Child Tax Credit for the dependent.

4. California Adjustments:
- Use the corrected federal AGI on the California return.
- Make any necessary additions or subtractions on Schedule CA for items that California does not allow.
- Reconcile differences between federal and California tax rules, such as the treatment of certain deductions.

In conclusion, it is essential to correct the errors in the federal and California returns, recalculate key figures accurately, and ensure compliance with federal and state tax laws to avoid potential penalties or audits. It is recommended to thoroughly review the returns and make the necessary adjustments to achieve an accurate tax filing.",scaffold_GPT-5-Mini,GPT-5-Mini,gpt-3.5-turbo,gpt-5-mini-2025-08-07,GPT-5-Mini,/Users/kennywongchamcharoen/Downloads/centaur-benchmark-code/results/tax_prep/20260609_stable_frontier_v2/augmentation/scaffolds/GPT-5-Mini.md,0768a6cb2841e0e1d2924ba64a9e16e6b05b5896c89ad2e5bb95da0f5f2d2ab5,"Summary — biggest problems I found
- The federal return is inconsistent/incorrect in several places: 1099-NEC income is understated on Form 1040, no Schedule C and Schedule SE were prepared for the 1099-NEC, mortgage interest/property tax/state tax were not put on Schedule A, the taxpayer labeled mortgage interest as the “standard deduction,” and a 22‑year‑old college student was claimed as a Child Tax Credit (CTC) child (CTC requires age <17). The filing status (Single) was chosen without analyzing Head of Household (HOH) which is likely available.
- The California return (Form 540) copied an incorrect federal AGI ($62,000). Because CA tax starts with federal AGI, the CA return must be revised after the federal corrections. In addition, a federal above‑the‑line deduction (one‑half of self‑employment tax) will generally be added back on the California return (Schedule CA) because California does not conform to that federal adjustment.

What federal and California rules apply (short form)
- 1099‑NEC / Schedule C: All nonemployee compensation (1099‑NEC) must be reported on Schedule C (or Schedule C‑EZ if allowed) showing gross receipts and business expenses. Net profit/loss flows to Form 1040 and becomes part of gross income.
- Schedule SE (self‑employment tax): Net earnings from self‑employment are subject to self‑employment (SE) tax. The SE tax is computed on Schedule SE; one‑half of SE tax is an above‑the‑line deduction on federal Form 1040 (Schedule 1).
- Itemized vs standard deduction: Mortgage interest (Form 1098), property taxes and state income taxes are itemized deductions on Schedule A (subject to SALT $10,000 cap for state/local taxes). Mortgage interest is not the standard deduction.
- Head of Household: HOH filing status is available if the taxpayer paid more than half the cost of keeping up a home for a qualifying person who lived with them more than half the year (a full‑time student under age 24 who lived with the taxpayer more than half the year can be a qualifying child).
- Dependency and credits: A 22‑year‑old full‑time student can be a qualifying child (for dependency) if under 24 and full‑time and other tests are met, but is not eligible for the Child Tax Credit (CTC), which requires the child be under age 17. If the child qualifies as a dependent, the taxpayer may be eligible for the $500 Credit for Other Dependents (ODC) on the federal return. California has its own dependent exemption/credit rules that must be checked and updated on Form 540/Schedule CA.
- California differences: California starts with federal AGI but requires additions/subtractions on Schedule CA for items that California does not allow (examples: add back one‑half SE tax deduction, disallowance of certain federal deductions). Also California does not follow the federal SALT deduction rules in the same way — you must prepare Schedule CA to reconcile items.

Recalculation of key figures — assumptions and results
Assumptions I will use for the recalculation below (if you want different assumptions, tell me):
- No business expenses for the freelance income were provided, so I assume gross 1099‑NEC = net self‑employment profit = $4,200. If you have business expenses, those will reduce the self‑employment profit, AGI and SE tax.
- I will compute self‑employment tax under the standard formula for Schedule SE. I will round cents to nearest dollar where practical.
- I will not assume any other income, above‑the‑line adjustments or credits other than what you provided.

1) Correct gross income and AGI items
- W‑2 wages: $68,500 (as entered)
- 1099‑NEC income (should be): $4,200 (client’s 1099), not the $2,400 currently entered on Form 1040
- Total gross income before adjustments = 68,500 + 4,200 = $72,700

2) Self‑employment tax and adjustment
- Net earnings for SE tax computation = 92.35% × net self‑employment income
  = 0.9235 × $4,200 = $3,879 (rounded)
- Self‑employment tax = 15.3% × $3,879 ≈ $593
- One‑half SE tax deduction (federal above‑the‑line) ≈ $296

3) Federal AGI (with the assumptions above)
- Federal AGI = gross income − above‑the‑line adjustments
  = $72,700 − $296 = $72,404 (rounded)

Note: If you have business expenses, net SE income will be lower, SE tax less, and AGI will be lower than $72,404.

4) Itemized deductions (Schedule A) based on provided items
- Mortgage interest (Form 1098): $9,800
- California property tax paid: $4,800
- California state income tax withheld (state tax paid): $2,900
- SALT (state + local taxes) subject to the $10,000 cap = property tax + state tax = $4,800 + $2,900 = $7,700 (under $10,000 cap)
- Total itemized deductions available from the items you gave = mortgage interest $9,800 + SALT $7,700 = $17,500
(There may be other itemized deductions — charitable, medical — not provided.)

5) Standard deduction vs itemize and HOH vs Single
- You labeled $9,800 on Form 1040 as the “standard deduction” — that is incorrect. The $9,800 is mortgage interest and must go on Schedule A.
- Whether the taxpayer should itemize or take standard deduction depends on the filing status and the applicable standard deduction amount for 2025:
  - With the itemized total of $17,500, itemizing beats a typical Single standard deduction (which is usually around a low‑to‑mid‑teens amount) — so if the taxpayer files Single, itemizing is likely better.
  - However, if Head of Household (HOH) applies, the HOH standard deduction is substantially larger than the Single standard deduction and may be larger than $17,500 — in that case the taxpayer would take the HOH standard deduction instead of itemizing.
- Based on the facts you gave (22‑year‑old full‑time student lived with taxpayer 9 months, and the taxpayer paid more than half of the student’s support and household costs), the taxpayer likely qualifies to file as Head of Household. If HOH is correct, in many recent years the HOH standard deduction exceeded $17,500; if that is the case the taxpayer would claim the HOH standard deduction and not itemize.

6) Taxable income examples (useful comparisons)
- Using the computed AGI $72,404 and the itemized total $17,500:
  - If Single and itemizing: Taxable income ≈ $72,404 − $17,500 = $54,904
  - If Single and (incorrectly) claiming the standard deduction of $9,800: Taxable income ≈ $72,404 − $9,800 = $62,604 (but this labeling is wrong because $9,800 is not the standard deduction)
  - If Head of Household and the HOH standard deduction (example HOH standard usually larger than $17,500 in recent years) is greater than $17,500, taxable income would be lower than $54,904. For example, if HOH standard = $20,800 (example — you must use the official 2025 figure), taxable income ≈ $72,404 − $20,800 = $51,604.
- Conclusion: whether the taxpayer should file HOH (and therefore probably take the HOH standard deduction) or file Single and itemize must be determined; HOH is likely available and will generally produce a lower tax liability than filing Single.

7) Credits: dependent is NOT eligible for Child Tax Credit
- The 22‑year‑old full‑time student is too old for the Child Tax Credit (CTC requires age under 17). The return should not claim the CTC for this dependent.
- If the person qualifies as your dependent, you may be able to claim the $500 Credit for Other Dependents (ODC) on federal Form 1040 (if all dependency tests are met). Also claim any applicable dependent exemption/credit on the California return per CA rules.

8) California adjustments you must make
- The California return must use the corrected federal AGI ($72,404 under the no",9,3,8,0.375,6.5,,,deepseek-ai/DeepSeek-V3.1,DeepSeek-V3.1
0,"## SECTION 2: DEDUCTIONS AND CREDITS

### 2.1 Wrong Deduction Method Selected

**The Problem:**
The client has taken the standard deduction of $9,800 on Form 1040 Line 12. However, itemized deductions may provide a greater tax benefit based on the client's mortgage interest, property tax, and potentially other eligible expenses.

**Applicable Rules:**
- Taxpayers can choose between the **standard deduction** or **itemized deductions** (Schedule A) to reduce taxable income.
- Itemized deductions may include expenses such as mortgage interest, property taxes, state income taxes, charitable contributions, and certain medical expenses, among others.
- The standard deduction amount varies by filing status and is adjusted annually for inflation.

**Recommendation:**
Given the client's mortgage interest and property tax payments, it is advisable to prepare Schedule A to determine if itemizing deductions would result in a lower tax liability. This analysis could potentially increase the client's tax refund or reduce the amount owed.

---

### 2.2 Dependent Qualification Misanalyzed

**The Problem:**
The client has claimed a 22-year-old full-time college student as a dependent, but the rules for qualifying dependents are not met based on the information provided.

**Applicable Rules:**
- To claim a dependent, the taxpayer must meet certain criteria, including providing more than half of the dependent's support.
- A qualifying child must meet age, relationship, residency, and support tests.
- A full-time college student over the age of 19 generally does not qualify as a dependent unless they meet specific criteria.

**Recommendation:**
The client's 22-year-old college student likely does not qualify as a dependent based on the information provided. This may impact the client's eligibility for certain tax benefits, such as the Child Tax Credit. A review of the dependent's eligibility is necessary to correct this issue.

---

### 2.3 Child Tax Credit Incorrectly Applied

**The Problem:**
The client has claimed the Child Tax Credit based on the 22-year-old college student who may not qualify as a dependent, potentially leading to an incorrect tax benefit being claimed.

**Applicable Rules:**
- The Child Tax Credit is available for qualifying children under the age of 17 who meet specific criteria.
- The credit amount, limitations, and phase-out thresholds are determined by the child's age, relationship to the taxpayer, and other factors.

**Recommendation:**
If the 22-year-old college student does not qualify as a dependent, the client may need to remove the Child Tax Credit claimed for this individual. This adjustment will impact the tax liability and potential refund amount.

---

## SECTION 3: FILING STATUS AND STATE CONFORMITY

### 3.1 Filing Status Not Properly Analyzed

**The Problem:**
The client has selected the Single filing status without analyzing whether another filing status, such as Head of Household, may be more beneficial based on the client's situation.

**Applicable Rules:**
- Filing status affects the taxpayer's standard deduction, tax rates, and eligibility for certain credits and deductions.
- Head of Household status may be available if the taxpayer meets specific criteria related to dependents and household expenses.

**Recommendation:**
A review of the client's eligibility for Head of Household filing status is necessary to determine if a more advantageous status exists. This analysis could potentially result in lower taxes owed or a higher refund.

---

### 3.2 California AGI is Incorrect

**The Problem:**
The California Adjusted Gross Income (AGI) carried over from the federal return is incorrect, potentially leading to errors in California tax calculations.

**Applicable Rules:**
- California AGI is based on federal AGI with certain adjustments specific to California tax laws.
- Errors in federal AGI calculations will flow through to California AGI and impact state tax liabilities.

**Recommendation:**
The California AGI should be recalculated based on the corrected federal AGI to ensure accurate state tax calculations. Any discrepancies in AGI should be corrected to avoid penalties or inaccuracies in the California return.

---

### 3.3 California Conformity Adjustments Not Reviewed

**The Problem:**
California conformity adjustments, which reconcile differences between federal and California tax laws, have not been reviewed for accuracy.

**Applicable Rules:**
- California conforms to many federal tax laws but also has its own rules and adjustments that may differ from federal regulations.
- Failure to account for California-specific conformity adjustments can result in errors in state tax calculations.

**Recommendation:**
A thorough review of California conformity adjustments should be conducted to ensure that the state return accurately reflects California tax laws. Any necessary adjustments should be made to avoid penalties or discrepancies in the California tax return.

---

## RECOMMENDATIONS

1. **Freelance Income:** Correct the freelance income discrepancy by reporting the full",scaffold_Claude-Sonnet-4.6,Claude-Sonnet-4.6,gpt-3.5-turbo,anthropic/claude-sonnet-4-6,Claude-Sonnet-4.6,/Users/kennywongchamcharoen/Downloads/centaur-benchmark-code/results/tax_prep/20260609_stable_frontier_v2/augmentation/scaffolds/Claude-Sonnet-4.6.md,21418eaee7bed583325a0434212822975d493658e385c1b138411a12354ef50c,"# Comprehensive Federal & California Tax Return Review
## Tax Year 2025 | Filing Status Analysis Required

---

## EXECUTIVE SUMMARY OF ISSUES FOUND

| # | Issue | Severity | Forms Affected |
|---|-------|----------|----------------|
| 1 | Freelance income understated by $1,800 | **Critical** | Schedule C, Form 1040 |
| 2 | No Schedule C prepared | **Critical** | Schedule C, Form 1040 |
| 3 | No self-employment tax calculated | **Critical** | Schedule SE, Schedule 2 |
| 4 | Wrong deduction method selected | **Significant** | Schedule A, Form 1040 Line 12 |
| 5 | Dependent qualification misanalyzed | **Significant** | Form 1040, Schedule 8812 |
| 6 | Child Tax Credit incorrectly applied | **Significant** | Schedule 8812 |
| 7 | Filing status not properly analyzed | **Significant** | Form 1040 |
| 8 | California AGI is incorrect | **Critical** | CA Form 540 |
| 9 | California conformity adjustments not reviewed | **Moderate** | CA Form 540, Schedule CA |

---

## SECTION 1: INCOME REPORTING ERRORS

### 1.1 Freelance Income Discrepancy

**The Problem:**
The pre-filled return shows freelance income of **$2,400**, but the client's Form 1099-NEC reflects **$4,200**. This is an understatement of **$1,800**.

**Applicable Rules:**
- IRC §61 requires all income to be included in gross income unless specifically excluded.
- Form 1099-NEC is issued by the payer and is also reported to the IRS. A discrepancy between the amount on the 1099-NEC and the amount reported on the return is a **high audit-risk flag** and will likely trigger an IRS CP2000 notice.
- California Revenue & Taxation Code (R&TC) §17071 conforms to federal gross income rules, so the understatement affects both returns.

**What Needs to Happen:**
The full **$4,200** must be reported. The client should verify whether any additional 1099-NEC forms were received that may not have been provided.

---

### 1.2 No Schedule C Prepared — Business Expenses Unknown

**The Problem:**
Freelance/contract income reported on Form 1099-NEC is **self-employment income** and must be reported on **Schedule C (Profit or Loss from Business)**. The client has not provided business expenses, and no Schedule C exists.

**Applicable Rules:**
- IRC §162 allows deductions for ordinary and necessary business expenses.
- Freelance income is not simply added as ""other income"" on Form 1040; it flows through Schedule C, which nets income against allowable business expenses.
- Common deductible freelance expenses include: home office (IRC §280A), equipment, software, professional subscriptions, business-use vehicle mileage (2025 standard mileage rate: **67 cents/mile** — *note: confirm final IRS announcement for 2025 as rates are set annually*), professional development, and business-related phone/internet.

**What Is Missing:**
The client **must provide all business expenses** before Schedule C can be completed. Until then, we cannot determine net self-employment income.

**Framework Pending Expense Information:**

```
Gross Freelance Income (1099-NEC):          $4,200
Less: Allowable Business Expenses:         (Unknown)
                                           --------
Net Schedule C Profit (or Loss):            $X,XXX
```

**Reasonable Assumption for Estimation Purposes:**
If the client has **no documented business expenses** (worst case), the full $4,200 is taxable self-employment income. We will use this assumption for calculations below, clearly noting it is subject to revision.

---

### 1.3 Self-Employment Tax — Schedule SE Missing

**The Problem:**
No Schedule SE has been prepared, and no self-employment tax appears on Schedule 2, Line 4. This is a required calculation whenever net self-employment income exceeds **$400** (IRC §1401).

**Applicable Rules:**
- **IRC §1401** imposes self-employment tax at a combined rate of **15.3%** (12.4% Social Security + 2.9% Medicare) on net self-employment earnings.
- The SE tax base is **92.35%** of net Schedule C profit (this adjustment accounts for the employer-equivalent portion, per IRC §1402(a)(12)).
- **IRC §164(f)** allows a deduction of **50% of SE tax paid** as an above-the-line deduction on Schedule 1, reducing AGI.
- California **does not impose** a separate self-employment tax (California conforms to federal SE tax treatment for federal purposes but does not have its own SE tax). However, the SE tax deduction affects federal AGI, which then flows to California.

**SE Tax Calculation (Assuming $0 Business",3,2,8,0.25,8.0,,,deepseek-ai/DeepSeek-V3.1,DeepSeek-V3.1
0,"To address the discrepancies and optimize the client's tax situation, we need to make the following corrections and recalculations:

1. **Freelance Income:** The freelance income reported on Form 1099-NEC is $4,200, not $2,400 as entered on the federal return. We need to prepare Schedule C to report this income and deduct any related business expenses to arrive at the net profit.

2. **Self-Employment Tax:** Since the freelance income exceeds $400, the client is subject to self-employment tax. We need to prepare Schedule SE to calculate and report this tax.

3. **Deductions:** The client has mortgage interest, property tax, and state tax withholding that can potentially be itemized on Schedule A. We should compare the total of these deductions to the standard deduction to determine the most beneficial option.

4. **Filing Status:** Given that the client provided more than half of the household costs and the dependent's total support, we should evaluate if the client qualifies for Head of Household filing status, which offers a higher standard deduction and lower tax rates compared to Single status.

5. **California Tax Calculation:** The California return should be recalculated using the corrected federal income figures and any state-specific adjustments or deductions.

By making these corrections and optimizations, we can ensure that the client's tax returns are accurate and that they take full advantage of available deductions and credits.",scaffold_Gemini-3.1-Pro,Gemini-3.1-Pro,gpt-3.5-turbo,google/gemini-3.1-pro,Gemini-3.1-Pro,/Users/kennywongchamcharoen/Downloads/centaur-benchmark-code/results/tax_prep/20260609_stable_frontier_v2/augmentation/scaffolds/Gemini-3.1-Pro.md,a4be147e6b49790e1d65e2368fc01265010091b6bede725f46f0520f374b6717,"<think>
**Revising Calculations**

I'm currently reviewing the provided tax data for the 2025 tax year in California. I've identified several discrepancies, including underreported freelance income and the incorrect application of deductions. My focus is now on correcting these entries, including the necessary Schedule C and SE, and determining the optimal filing status between Single and Head of Household to maximize benefits.

 
</think>

 Conclusion:* If HOH, take the Standard Deduction. If Single, take Itemized. HOH + Standard is the best outcome.
    *   *California Return (Form 540):*
        *   CA",5,1,8,0.125,9.0,,,deepseek-ai/DeepSeek-V3.1,DeepSeek-V3.1
0,"### **3. Corrected Tax Return Analysis**

**A. Federal Return Analysis**
1. **Income Reporting:**
    - The correct freelance income should be $4,200, reported on Schedule C.
2. **Business Expenses:**
    - Without the client's actual business expenses, we used an estimated $1,000 for Scenario B.
3. **Deductions:**
    - Corrected itemized deductions: Mortgage interest ($9,800) + Property tax ($4,800) + State tax ($10,000) = $24,600.
4. **Filing Status:**
    - The client qualifies for Head of Household status, providing higher deductions and lower tax rates.
5. **Dependent Credit:**
    - The dependent does not qualify for the Child Tax Credit but may qualify for the Other Dependent Credit ($500).

**B. California Return Analysis**
1. **Federal AGI Correction:**
    - The correct federal AGI should be $71,700.
2. **California Tax Calculation:**
    - Recalculate California tax using the correct federal AGI and apply California-specific deductions and credits.

### **4. Corrected Tax Liability Calculation (Federal & California)**

Using Scenario B (with $1,000 in business expenses):
1. **Federal Tax Liability:**
    - Calculate federal tax based on corrected income, deductions, and filing status.
2. **California Tax Liability:**
    - Recalculate California tax based on corrected federal AGI and California-specific rules.

### **5. Required Corrections & Forms/Schedules**
1. **Federal Return:**
    - Prepare Schedule C for freelance income and business expenses.
    - Update Schedule SE for self-employment tax.
    - Complete Schedule A for itemized deductions.
    - Update filing status to Head of Household.
    - Adjust dependent credit to Other Dependent Credit.
2. **California Return:**
    - Correct federal AGI on California Form 540.
    - Recalculate California tax using the corrected federal AGI.

### **6. Recommendations**
1. **Provide Missing Information:**
    - Request actual business expenses from the client for accurate tax calculations.
2. **Review & File Corrected Returns:**
    - Review the corrected returns with the client and file them to avoid penalties for incorrect reporting.
3. **Tax Planning:**
    - Discuss tax planning strategies for the upcoming year to maximize deductions and credits.

By addressing these discrepancies and applying the correct tax rules, we can ensure accurate tax filings for the client and potentially reduce their tax liability.",scaffold_DeepSeek-V3.1,DeepSeek-V3.1,gpt-3.5-turbo,deepseek-ai/DeepSeek-V3.1,DeepSeek-V3.1,/Users/kennywongchamcharoen/Downloads/centaur-benchmark-code/results/tax_prep/20260609_stable_frontier_v2/augmentation/scaffolds/DeepSeek-V3.1.md,a903c3d00dc3f96a95dee95c14a85ae227bcf1de2c8617990c1979a09b7d4bfb,"Of course. Here is a detailed review and analysis of the client's tax returns based on the provided information for tax year 2025, assuming tax laws remain largely consistent with 2024.

### **Executive Summary**
The client's pre-filled returns contain significant errors that, if filed, would result in an underpayment of tax and potential penalties. Key issues include incorrect income reporting, missed deductions, an invalid filing status, and an incorrect dependent credit claim. A full recalculation is required.

---

### **1. Identification of Discrepancies & Explanation of Rules**

**A. Income Reporting (Federal & California)**
*   **Discrepancy:** Form 1040 reports freelance income as $2,400, but the 1099-NEC shows $4,200.
*   **Rule:** All income from freelance work (self-employment) reported on Form 1099-NEC must be reported in full on **Schedule C (Form 1040)**. The net profit from Schedule C flows to Form 1040. California also taxes this income.

**B. Business Expenses (Federal & California)**
*   **Discrepancy:** No business expenses have been deducted. The client mentions they exist but have not provided them.
*   **Rule:** Self-employed individuals can deduct **ordinary and necessary expenses** incurred in running their business on Schedule C. This includes items like supplies, mileage, home office expenses, etc. Without these figures, we cannot calculate the correct taxable income. *This is a critical missing piece of information.*

**C. Deductions (Federal)**
*   **Discrepancy 1:** The client took the standard deduction ($9,800) but also listed itemizable deductions (mortgage interest $9,800 + state taxes $7,700 = $17,500).
*   **Rule:** Taxpayers must choose between the standard deduction or itemized deductions on **Schedule A**. Itemizing is beneficial when the total itemized deductions exceed the standard deduction.
*   **Discrepancy 2:** The State and Local Tax (SALT) deduction is capped at $10,000. The client's potential itemized deductions are $9,800 (mortgage) + $4,800 (property tax) + $2,900 (state income tax withheld) = $17,500. However, the SALT deduction is limited to $10,000, so only $10,000 of the $7,700 in state taxes can be deducted. The correct potential itemized deduction is $9,800 + $10,000 = **$19,800**.

**D. Filing Status (Federal & California)**
*   **Discrepancy:** The client selected ""Single.""
*   **Rule:** To qualify for **Head of Household (HOH)**, the taxpayer must:
    1.  Be unmarried or considered unmarried on the last day of the year.
    2.  Have paid more than half the cost of keeping up a home for the year.
    3.  Have a **qualifying person** living with them for more than half the year.
*   **Analysis:** The 22-year-old dependent is a **qualifying relative** (not a qualifying child due to age and student status). A qualifying relative *can* be a qualifying person for HOH status if they live with the taxpayer for the entire year. The student lived with the client for only 9 months, which is more than half the year. Therefore, the client likely qualifies for the more favorable **Head of Household** filing status. This has a higher standard deduction and wider tax brackets.

**E. Dependent Credit (Federal)**
*   **Discrepancy:** The client claimed the Child Tax Credit (CTC).
*   **Rule:** A ""qualifying child"" for the CTC must be under age 17 at the end of the tax year. The dependent is 22, so they do **not** qualify for the CTC. However, they may qualify the client for the **Other Dependent Credit (ODC)**, which is worth $500 (non-refundable) for tax year 2025.

**F. Self-Employment Tax (Federal)**
*   **Discrepancy:** No Schedule SE was prepared.
*   **Rule:** Self-employment income (net profit from Schedule C) is subject to Self-Employment Tax (≈15.3% for Social Security and Medicare), which is calculated on **Schedule SE** and reported on Schedule 2. This is in addition to income tax.

**G. California Return (Form 540)**
*   **Discrepancy:** The CA return is based on an incorrect federal AGI.
*   **Rule:** California tax calculations generally start with Federal Adjusted Gross Income (AGI). Because the federal return is incorrect, the California return is also incorrect. California has its own standard deduction and tax brackets, which differ from federal ones. It also allows the Other Dependent Credit.

---

### **2. Recalculation of Key Figures (Using Stated Assumptions)**

**Assumption for Calculation:** Since business expenses are missing, we will calculate two scenarios for illustration.
*   **Scenario A (Worst Case):** $0 business expenses. Net self-employment profit = $4,200.
*   **Scenario B (Reasonable Estimate):** Assume $1,000 in business expenses. Net self-employment profit = $3,200.

**We will use Scenario B for the final calculation.**

#### **Federal Return Recalculation (Head of Household Status)**

**1. Gross Income:**
    *   W-2 Wages: $68,500
    *   Schedule C Net Profit: $3,200 (Estimate)
    *   **Federal AGI: $71,700**

**2. Deductions:**
    *   Standard Deduction for HOH",6,0,0,,,,,deepseek-ai/DeepSeek-V3.1,DeepSeek-V3.1
